solution:
  cost: 317.0
  expanded_nodes: 18
  heuristic:
    city_0: 167.57461405835738
    city_1: 179.96625236368786
    city_10: 155.61142680466145
    city_11: 93.61832504618604
    city_12: 92.90415899745918
    city_13: 22.08732447491897
    city_14: 145.88353501677753
    city_15: 196.8651500379097
    city_16: 152.8280935807377
    city_17: 94.91825171870809
    city_18: 172.9654050812968
    city_19: 50.545816576653756
    city_2: 66.03732122995018
    city_20: 70.40331171930745
    city_21: 157.42549973268513
    city_22: 112.93220053840683
    city_23: 93.73555150816452
    city_24: 143.5400398374228
    city_25: 46.76659463749397
    city_26: 118.98640484722392
    city_27: 171.3159402843755
    city_28: 146.80833317660182
    city_29: 163.67140234372505
    city_3: 151.38184841262557
    city_30: 19.003082576572414
    city_31: 69.55803282444204
    city_32: 155.35622446355907
    city_33: 100.28534690961824
    city_34: 136.17112935333571
    city_35: 113.06945481084058
    city_36: 91.21983834763383
    city_37: 115.15504604611304
    city_38: 126.83033827724392
    city_39: 27.368351172957325
    city_4: 152.52573803844143
    city_40: 186.9691206810275
    city_41: 187.01909242351311
    city_42: 113.86511773863005
    city_43: 181.46980817078725
    city_44: 184.03464187680504
    city_45: 42.22625125075433
    city_46: 207.69039238687594
    city_47: 21.182523945125368
    city_48: 63.50105748036869
    city_49: 93.00381413804166
    city_5: 158.86039366053478
    city_50: 162.3680041594094
    city_51: 54.461921893072486
    city_52: 178.6151688339148
    city_53: 28.235972944831026
    city_54: 145.09478875362612
    city_55: 68.72809303164439
    city_56: 117.85526858073449
    city_57: 173.86191086960264
    city_58: 79.30157286743191
    city_59: 40.437575014824134
    city_6: 47.65548143904694
    city_60: 64.79720134819657
    city_61: 67.10252089963633
    city_62: 191.50925344778676
    city_63: 134.83340816438667
    city_64: 32.52344333111317
    city_65: 82.20678447246604
    city_66: 123.06411571534055
    city_67: 45.1011802291379
    city_68: 59.25346545079006
    city_69: 189.40877684610578
    city_7: 102.00483271685394
    city_70: 100.86204850647137
    city_71: 114.21375572922405
    city_72: 187.0227958770145
    city_73: 173.42324797213243
    city_74: 109.00212992233033
    city_75: 42.308603367820076
    city_76: 128.37587935844843
    city_77: 101.03121432235423
    city_78: 103.56102970454944
    city_79: 138.29913533861745
    city_8: 59.848234481198546
    city_80: 54.09397190397812
    city_81: 91.63164476814825
    city_82: 139.88563321359024
    city_83: 158.7858756442337
    city_84: 63.71877161217505
    city_85: 150.3092351649034
    city_86: 129.70634810238386
    city_87: 155.76510831948988
    city_88: 196.02842158326715
    city_89: 189.4400223611713
    city_9: 215.7404471427653
    city_90: 158.89331406509854
    city_91: 73.53046884171168
    city_92: 42.39264239094441
    city_93: 196.03789731547275
    city_94: 139.49486692887731
    city_95: 9.290815318723483
    city_96: 160.23811763086314
    city_97: 68.6801118833124
    city_98: 129.33346630660387
    city_99: 0.0
  path:
  - '0'
  - '99'
