solution:
  cost: 288.0
  expanded_nodes: 22
  heuristic:
    city_0: 15.741332539460887
    city_1: 71.65836398517743
    city_10: 91.06528656032029
    city_11: 113.65766838718785
    city_12: 73.18654832342811
    city_13: 59.31338195967638
    city_14: 120.19224642585026
    city_15: 16.925798229727555
    city_16: 57.29789888056915
    city_17: 148.02686370786344
    city_18: 55.73420895451164
    city_19: 76.89783242244786
    city_2: 112.24846284203028
    city_20: 110.50064440099595
    city_21: 97.73268906939495
    city_22: 48.778981684166915
    city_23: 124.72768697073407
    city_24: 96.19668091444389
    city_25: 102.7789908040908
    city_26: 63.28590898408874
    city_27: 57.682014498691906
    city_28: 51.19212128663231
    city_29: 14.732024845815262
    city_3: 71.5437759633135
    city_30: 70.2548060264536
    city_31: 83.9283529583132
    city_32: 113.72129955329761
    city_33: 65.58595194553834
    city_34: 64.70859451289677
    city_35: 135.72461317823263
    city_36: 100.35270398599324
    city_37: 128.7572141678178
    city_38: 97.0268470683951
    city_39: 120.67153239843499
    city_4: 93.5648074864331
    city_40: 47.731826727353166
    city_41: 132.33249154134143
    city_42: 74.37100737687948
    city_43: 2.924839708168174
    city_44: 83.48631021690359
    city_45: 102.479167113325
    city_46: 104.17112190840452
    city_47: 121.20913581506392
    city_48: 94.61012210917112
    city_49: 139.1558458972457
    city_5: 96.27305706886135
    city_50: 156.62167102879178
    city_51: 14.242435161954717
    city_52: 68.1949704992755
    city_53: 40.69985870025901
    city_54: 62.61529486769961
    city_55: 57.28351690578904
    city_56: 70.58979917484719
    city_57: 145.19227704953371
    city_58: 24.80506611481647
    city_59: 61.42843620638895
    city_6: 150.57060399347532
    city_60: 36.3927886350142
    city_61: 60.421393573977404
    city_62: 21.796751166124466
    city_63: 46.81979780256652
    city_64: 133.268156395426
    city_65: 143.30822704391463
    city_66: 133.05919054238404
    city_67: 105.29443021811402
    city_68: 56.35180588249074
    city_69: 54.2977200970175
    city_7: 106.76157253994741
    city_70: 53.74426738410798
    city_71: 137.0953804483379
    city_72: 113.40734919232725
    city_73: 26.510523934952424
    city_74: 15.321743127887013
    city_75: 115.6913793223101
    city_76: 50.027414566217075
    city_77: 70.60487351893092
    city_78: 119.74868550249705
    city_79: 110.51605532235484
    city_8: 46.43444649528678
    city_80: 97.25727225294271
    city_81: 88.85960698796838
    city_82: 72.13502283228428
    city_83: 129.03441367745506
    city_84: 76.18566920468899
    city_85: 84.80873610195944
    city_86: 42.443047384538104
    city_87: 113.79482538454667
    city_88: 101.15228267831311
    city_89: 134.64162777309684
    city_9: 43.51171364680903
    city_90: 117.32693669010816
    city_91: 118.67339919255829
    city_92: 68.90324492527147
    city_93: 104.25431533107601
    city_94: 79.79442770342398
    city_95: 39.11824428496145
    city_96: 68.31889446220292
    city_97: 44.916473480685475
    city_98: 81.32656290403222
    city_99: 0.0
  path:
  - '0'
  - '60'
  - '99'
