solution:
  cost: 288.0
  expanded_nodes: 7
  heuristic:
    city_0: 195.10869621078626
    city_1: 183.9338117857535
    city_10: 184.55438289850673
    city_11: 128.32375956353275
    city_12: 102.85601526230933
    city_13: 169.23575052844689
    city_14: 124.51766208439292
    city_15: 139.88677957673534
    city_16: 70.6341510049822
    city_17: 212.81371697703693
    city_18: 57.93041854501017
    city_19: 157.00269118860354
    city_2: 112.42094769003451
    city_20: 119.69567078085716
    city_21: 114.87601271412164
    city_22: 53.43656705213178
    city_23: 217.50695421308916
    city_24: 125.79597960428397
    city_25: 104.71863873152351
    city_26: 151.6937037115796
    city_27: 74.38647702180336
    city_28: 122.81315707024001
    city_29: 77.39568184024125
    city_3: 195.1234843937262
    city_30: 180.14417753965012
    city_31: 104.4087424174965
    city_32: 114.56784155340176
    city_33: 99.89412808269
    city_34: 84.50727116063865
    city_35: 136.5395222565341
    city_36: 142.49881873460149
    city_37: 135.14967803698133
    city_38: 100.86392956848549
    city_39: 122.93216133708707
    city_4: 276.94667810652953
    city_40: 195.36906991392647
    city_41: 139.24695264515475
    city_42: 166.1567673832604
    city_43: 4.304570518814887
    city_44: 89.16132077247143
    city_45: 104.75202229934595
    city_46: 222.75673401781316
    city_47: 123.54927060882132
    city_48: 124.30559954156266
    city_49: 153.48365423888245
    city_5: 101.69447463367878
    city_50: 162.7703519524899
    city_51: 33.60461541583975
    city_52: 68.24659519389917
    city_53: 134.09873999862134
    city_54: 107.04738322594194
    city_55: 63.822913969652106
    city_56: 138.2232913298584
    city_57: 219.08769133230186
    city_58: 115.5667443400089
    city_59: 72.91224679022301
    city_6: 218.84257097938962
    city_60: 51.10629630926948
    city_61: 94.26396420390327
    city_62: 130.5166713125555
    city_63: 197.61630765733162
    city_64: 145.39657478487834
    city_65: 143.59625929549375
    city_66: 139.6099634610467
    city_67: 118.43137753690901
    city_68: 127.6342684376029
    city_69: 54.5974104449552
    city_7: 109.85298760002145
    city_70: 80.06269409955529
    city_71: 153.34822142290363
    city_72: 115.31647659694282
    city_73: 121.82246629266635
    city_74: 60.363839984367054
    city_75: 117.02985696974594
    city_76: 55.883824852293216
    city_77: 155.4822784654793
    city_78: 138.44594195786746
    city_79: 110.54130071298432
    city_8: 77.29497332894883
    city_80: 250.3556104046739
    city_81: 102.51772726069753
    city_82: 235.2572120600692
    city_83: 129.8580243447127
    city_84: 126.88420737255306
    city_85: 158.09678807762415
    city_86: 114.88733898549287
    city_87: 114.16695096983632
    city_88: 113.7073871564341
    city_89: 158.31231223816914
    city_9: 43.51336194324205
    city_90: 160.80248776991553
    city_91: 120.99247722007651
    city_92: 181.0700834798114
    city_93: 124.41430304148614
    city_94: 201.2272231064368
    city_95: 68.32478248739122
    city_96: 122.78765620815807
    city_97: 62.24279245482349
    city_98: 150.65612041743242
    city_99: 0.0
  path:
  - '0'
  - '60'
  - '99'
