solution:
  cost: 459.0
  expanded_nodes: 62
  heuristic:
    city_0: 87.087963147569
    city_1: 195.09520533310186
    city_10: 102.36382271098066
    city_11: 153.77190516364107
    city_12: 92.61462486100591
    city_13: 157.05985397559883
    city_14: 34.91536853494532
    city_15: 18.686022335038786
    city_16: 53.29745827888327
    city_17: 171.43231819782065
    city_18: 159.38033954714822
    city_19: 87.04644902788851
    city_2: 175.44838997051318
    city_20: 192.65387499556098
    city_21: 158.42615850840738
    city_22: 79.48771449296382
    city_23: 110.70356419848932
    city_24: 99.9635929415103
    city_25: 169.92987751640848
    city_26: 183.10625312520187
    city_27: 47.82020311556014
    city_28: 70.0174463530946
    city_29: 126.58477047692215
    city_3: 180.62402823299684
    city_30: 29.922766941472318
    city_31: 55.29577170616533
    city_32: 171.25547013995325
    city_33: 99.31094648686238
    city_34: 167.41269938270105
    city_35: 28.704818584524073
    city_36: 160.19213785860595
    city_37: 18.563481342612555
    city_38: 52.088766694518206
    city_39: 146.6367756853676
    city_4: 84.91672032661259
    city_40: 122.93627454443612
    city_41: 208.64882613034766
    city_42: 167.4089329226655
    city_43: 171.75086225864175
    city_44: 2.1597370280307095
    city_45: 28.225666115820683
    city_46: 30.791668070423697
    city_47: 134.23892114304573
    city_48: 90.17099605709141
    city_49: 201.22026086074422
    city_5: 133.86911015770266
    city_50: 161.84129187062092
    city_51: 139.55254437784254
    city_52: 100.59022116898413
    city_53: 127.80880888335442
    city_54: 64.9213808802052
    city_55: 170.78126277462493
    city_56: 193.11777172227636
    city_57: 138.479612982475
    city_58: 100.0943255795705
    city_59: 174.3288814361154
    city_6: 108.77366291126917
    city_60: 164.52256126487606
    city_61: 146.17374914941038
    city_62: 119.2631859148064
    city_63: 153.22817966276372
    city_64: 100.48764442786133
    city_65: 53.041584274060746
    city_66: 186.40748192014473
    city_67: 178.91871332899734
    city_68: 112.2569083029228
    city_69: 21.5899010128595
    city_7: 134.0459031055032
    city_70: 96.39387763311485
    city_71: 136.89360682799787
    city_72: 101.36838310197122
    city_73: 131.22272246899686
    city_74: 102.34877117882563
    city_75: 93.68589735589411
    city_76: 67.9897937304269
    city_77: 128.99851277922662
    city_78: 104.99453877128434
    city_79: 74.46728892784637
    city_8: 18.085056958735688
    city_80: 145.59772014037398
    city_81: 182.99342996761027
    city_82: 114.43460888146828
    city_83: 144.5113840276397
    city_84: 132.3507981295863
    city_85: 143.20607927052376
    city_86: 54.93253910462005
    city_87: 180.24857226182533
    city_88: 41.54305557233841
    city_89: 131.5962298586976
    city_9: 86.02082153510626
    city_90: 193.156392885945
    city_91: 168.71187216568123
    city_92: 174.16256775148278
    city_93: 74.79465162050924
    city_94: 169.41391873301532
    city_95: 87.97212610926121
    city_96: 129.77897013644557
    city_97: 26.732068406011273
    city_98: 106.14200862809079
    city_99: 0.0
  path:
  - '0'
  - '13'
  - '99'
