solution:
  cost: 459.0
  expanded_nodes: 35
  heuristic:
    city_0: 171.29115269355728
    city_1: 232.67198375251306
    city_10: 312.4223190925536
    city_11: 287.6885262728358
    city_12: 92.79885952136677
    city_13: 175.9148227697835
    city_14: 129.15599383796118
    city_15: 255.4035847000861
    city_16: 222.32525195565256
    city_17: 171.50787093062405
    city_18: 407.06303961445195
    city_19: 96.41432959586358
    city_2: 175.6008968736251
    city_20: 336.76234289440947
    city_21: 294.83687846580926
    city_22: 120.60049101035244
    city_23: 399.75770828860203
    city_24: 132.1728019102464
    city_25: 258.74263915182684
    city_26: 281.6343671143492
    city_27: 68.94982426305455
    city_28: 168.597517560635
    city_29: 126.79949180164711
    city_3: 196.90106977538005
    city_30: 55.99831368806328
    city_31: 355.1924292776704
    city_32: 212.39926643315275
    city_33: 126.61954319835056
    city_34: 168.72558334870328
    city_35: 57.74447684231439
    city_36: 365.3690841492354
    city_37: 206.06896134777048
    city_38: 81.89006288801421
    city_39: 299.1242791600919
    city_4: 189.5824210878563
    city_40: 246.84682835391513
    city_41: 515.4315463054255
    city_42: 381.51640600130435
    city_43: 171.81691187644483
    city_44: 27.444509147969438
    city_45: 177.41564930090502
    city_46: 133.8315723237819
    city_47: 265.0182422888558
    city_48: 173.47294597428132
    city_49: 203.52918717850264
    city_5: 155.88916169444036
    city_50: 162.8618120060136
    city_51: 141.77173568296305
    city_52: 122.78641258956853
    city_53: 196.6676235866149
    city_54: 69.4484128760564
    city_55: 214.04560042315356
    city_56: 205.79855057490033
    city_57: 138.82674765752418
    city_58: 116.62764234320744
    city_59: 175.53865605011472
    city_6: 119.28293838955577
    city_60: 337.3870683590866
    city_61: 148.6989878337722
    city_62: 142.1836415965725
    city_63: 182.2378786893763
    city_64: 179.8245410139113
    city_65: 58.68846255967267
    city_66: 256.31588079197815
    city_67: 182.3771308672795
    city_68: 216.89467431665398
    city_69: 291.9102383651598
    city_7: 290.42988419529064
    city_70: 163.21206812621188
    city_71: 225.33516361770387
    city_72: 310.67842817212244
    city_73: 207.95979154525014
    city_74: 225.1442923770147
    city_75: 100.23648981382186
    city_76: 76.07505657371516
    city_77: 201.5149288154196
    city_78: 295.3637558750344
    city_79: 88.62981241119789
    city_8: 153.66184156517517
    city_80: 312.9328731781775
    city_81: 182.99482080401344
    city_82: 328.7730365104771
    city_83: 146.4102534058821
    city_84: 225.96721365570608
    city_85: 402.22986765000536
    city_86: 503.8498564533861
    city_87: 183.7878278702733
    city_88: 135.06932730090998
    city_89: 136.05718984468172
    city_9: 142.25354047931938
    city_90: 194.93585527641673
    city_91: 212.94672574398768
    city_92: 349.71493937390335
    city_93: 374.23358124607296
    city_94: 291.48963029213456
    city_95: 96.29274573764226
    city_96: 167.45540294870113
    city_97: 150.52498090978233
    city_98: 266.5401376067879
    city_99: 0.0
  path:
  - '0'
  - '13'
  - '99'
